[gd_scene load_steps=18 format=2]

[ext_resource path="res://Textures/Guns/Bearkiller/SPRITES/kfdbd0.png" type="Texture" id=1]
[ext_resource path="res://Textures/Guns/Bearkiller/SPRITES/kfdbb0.png" type="Texture" id=2]
[ext_resource path="res://Textures/Guns/Bearkiller/SPRITES/kfdbc0.png" type="Texture" id=3]
[ext_resource path="res://Textures/Guns/Bearkiller/SPRITES/kfdba0.png" type="Texture" id=4]
[ext_resource path="res://Textures/Guns/Bearkiller/SPRITES/kfdbp0.png" type="Texture" id=5]
[ext_resource path="res://Scripts/Gun.gd" type="Script" id=6]
[ext_resource path="res://Textures/Guns/Bearkiller/SPRITES/kfdbs0.png" type="Texture" id=7]
[ext_resource path="res://Textures/Guns/Bearkiller/SPRITES/kfdbo0.png" type="Texture" id=8]
[ext_resource path="res://Textures/Guns/Bearkiller/SPRITES/kfdbf0.png" type="Texture" id=9]
[ext_resource path="res://Textures/Guns/Bearkiller/SPRITES/kfdbi0.png" type="Texture" id=10]
[ext_resource path="res://Textures/Guns/Bearkiller/SPRITES/kfdbj0.png" type="Texture" id=11]
[ext_resource path="res://Textures/Guns/Bearkiller/SPRITES/kfdbk0.png" type="Texture" id=12]
[ext_resource path="res://Textures/Guns/Bearkiller/SPRITES/kfdbg0.png" type="Texture" id=13]
[ext_resource path="res://Textures/Guns/Bearkiller/SPRITES/kfdbm0.png" type="Texture" id=14]
[ext_resource path="res://Textures/Guns/Bearkiller/SPRITES/kfdbn0.png" type="Texture" id=15]
[ext_resource path="res://Textures/Guns/Bearkiller/SPRITES/kfdbh0.png" type="Texture" id=16]

[sub_resource type="SpriteFrames" id=1]
animations = [ {
"frames": [ ExtResource( 4 ) ],
"loop": true,
"name": "idle",
"speed": 5.0
}, {
"frames": [ ExtResource( 2 ), ExtResource( 3 ), ExtResource( 1 ), ExtResource( 13 ), ExtResource( 9 ), ExtResource( 16 ), ExtResource( 10 ), ExtResource( 11 ), ExtResource( 12 ), ExtResource( 14 ), ExtResource( 15 ), ExtResource( 8 ), ExtResource( 5 ), ExtResource( 7 ) ],
"loop": true,
"name": "shoot",
"speed": 8.0
} ]

[node name="Shotgun" type="Spatial"]
script = ExtResource( 6 )

[node name="CanvasLayer" type="CanvasLayer" parent="."]

[node name="Control" type="Control" parent="CanvasLayer"]
anchor_left = 1.0
anchor_top = 1.0
anchor_right = 1.0
anchor_bottom = 1.0
margin_left = -40.0
margin_top = -40.0

[node name="AnimatedSprite" type="AnimatedSprite" parent="CanvasLayer/Control"]
position = Vector2( -92, 50 )
rotation = 3.14159
scale = Vector2( 2, 2 )
frames = SubResource( 1 )
animation = "shoot"
playing = true
centered = false
flip_h = true
flip_v = true

[node name="Rays" type="Spatial" parent="."]

[node name="RayCast" type="RayCast" parent="Rays"]
transform = Transform( 0.999232, 0.0042313, 0.0389434, 0, 0.994149, -0.108017, -0.0391726, 0.107934, 0.993386, 0, 0, 0 )
enabled = true
cast_to = Vector3( 0, 0, -10 )

[node name="RayCast2" type="RayCast" parent="Rays"]
transform = Transform( 0.997852, -0.00076258, -0.0655032, 0, 0.999932, -0.0116411, 0.0655076, 0.0116161, 0.997784, 0, 0, 0 )
enabled = true
cast_to = Vector3( 0, 0, -20 )

[node name="RayCast3" type="RayCast" parent="Rays"]
transform = Transform( 0.998556, -0.00128702, 0.0536974, 0, 0.999713, 0.0239611, -0.0537128, -0.0239265, 0.99827, 0, 0, 0 )
enabled = true
cast_to = Vector3( 0, 0, -20 )

[node name="RayCast4" type="RayCast" parent="Rays"]
transform = Transform( 0.99972, 0.00180018, -0.0235784, 0, 0.997098, 0.0761274, 0.023647, -0.0761061, 0.996819, 0, 0, 0 )
enabled = true
cast_to = Vector3( 0, 0, -20 )

[node name="RayCast5" type="RayCast" parent="Rays"]
transform = Transform( 0.999512, -0.0017012, -0.03119, 0, 0.998516, -0.0544622, 0.0312363, 0.0544356, 0.998029, 0, 0, 0 )
enabled = true
cast_to = Vector3( 0, 0, -20 )

[node name="RayCast6" type="RayCast" parent="Rays"]
transform = Transform( 0.99941, 0.000389582, 0.0343391, 0, 0.999936, -0.0113444, -0.0343413, 0.0113377, 0.999346, 0, 0, 0 )
enabled = true
cast_to = Vector3( 0, 0, -20 )
