[gd_scene load_steps=18 format=2]

[ext_resource path="res://Textures/Guns/Bearkiller/SPRITES/kfdbd0.png" type="Texture" id=1]
[ext_resource path="res://Textures/Guns/Bearkiller/SPRITES/kfdbb0.png" type="Texture" id=2]
[ext_resource path="res://Textures/Guns/Bearkiller/SPRITES/kfdbc0.png" type="Texture" id=3]
[ext_resource path="res://Textures/Guns/Bearkiller/SPRITES/kfdba0.png" type="Texture" id=4]
[ext_resource path="res://Textures/Guns/Bearkiller/SPRITES/kfdbp0.png" type="Texture" id=5]
[ext_resource path="res://Scripts/Gun.gd" type="Script" id=6]
[ext_resource path="res://Textures/Guns/Bearkiller/SPRITES/kfdbs0.png" type="Texture" id=7]
[ext_resource path="res://Textures/Guns/Bearkiller/SPRITES/kfdbo0.png" type="Texture" id=8]
[ext_resource path="res://Textures/Guns/Bearkiller/SPRITES/kfdbf0.png" type="Texture" id=9]
[ext_resource path="res://Textures/Guns/Bearkiller/SPRITES/kfdbi0.png" type="Texture" id=10]
[ext_resource path="res://Textures/Guns/Bearkiller/SPRITES/kfdbj0.png" type="Texture" id=11]
[ext_resource path="res://Textures/Guns/Bearkiller/SPRITES/kfdbk0.png" type="Texture" id=12]
[ext_resource path="res://Textures/Guns/Bearkiller/SPRITES/kfdbg0.png" type="Texture" id=13]
[ext_resource path="res://Textures/Guns/Bearkiller/SPRITES/kfdbm0.png" type="Texture" id=14]
[ext_resource path="res://Textures/Guns/Bearkiller/SPRITES/kfdbn0.png" type="Texture" id=15]
[ext_resource path="res://Textures/Guns/Bearkiller/SPRITES/kfdbh0.png" type="Texture" id=16]

[sub_resource type="SpriteFrames" id=1]
animations = [ {
"frames": [ ExtResource( 4 ) ],
"loop": true,
"name": "idle",
"speed": 5.0
}, {
"frames": [ ExtResource( 2 ), ExtResource( 3 ), ExtResource( 1 ), ExtResource( 13 ), ExtResource( 9 ), ExtResource( 16 ), ExtResource( 10 ), ExtResource( 11 ), ExtResource( 12 ), ExtResource( 14 ), ExtResource( 15 ), ExtResource( 8 ), ExtResource( 5 ), ExtResource( 7 ) ],
"loop": true,
"name": "shoot",
"speed": 8.0
} ]

[node name="Shotgun" type="Spatial"]
script = ExtResource( 6 )

[node name="CanvasLayer" type="CanvasLayer" parent="."]

[node name="Control" type="Control" parent="CanvasLayer"]
anchor_left = 1.0
anchor_top = 1.0
anchor_right = 1.0
anchor_bottom = 1.0
margin_left = -40.0
margin_top = -40.0

[node name="AnimatedSprite" type="AnimatedSprite" parent="CanvasLayer/Control"]
position = Vector2( -92, 50 )
rotation = 3.14159
scale = Vector2( 2, 2 )
frames = SubResource( 1 )
animation = "shoot"
frame = 12
playing = true
centered = false
flip_h = true
flip_v = true

[node name="Rays" type="Spatial" parent="."]

[node name="RayCast" type="RayCast" parent="Rays"]
transform = Transform( 0.999979, 0.000127101, 0.00640405, 0, 0.999803, -0.0198431, -0.00640531, 0.0198427, 0.999783, 0, 0, 0 )
enabled = true
cast_to = Vector3( 0, 0, -10 )

[node name="RayCast2" type="RayCast" parent="Rays"]
transform = Transform( 0.999935, -0.000173841, -0.0113954, 0, 0.999884, -0.0152536, 0.0113968, 0.0152526, 0.999819, 0, 0, 0 )
enabled = true
cast_to = Vector3( 0, 0, -20 )

[node name="RayCast3" type="RayCast" parent="Rays"]
transform = Transform( 0.999922, -4.95879e-05, 0.0124612, 0, 0.999992, 0.00397934, -0.0124613, -0.00397903, 0.999914, 0, 0, 0 )
enabled = true
cast_to = Vector3( 0, 0, -20 )

[node name="RayCast4" type="RayCast" parent="Rays"]
transform = Transform( 0.999996, 2.80243e-05, -0.00279238, 0, 0.99995, 0.0100355, 0.00279252, -0.0100354, 0.999946, 0, 0, 0 )
enabled = true
cast_to = Vector3( 0, 0, -20 )

[node name="RayCast5" type="RayCast" parent="Rays"]
transform = Transform( 0.99997, -0.000222319, -0.00774599, 0, 0.999588, -0.0286893, 0.00774918, 0.0286884, 0.999558, 0, 0, 0 )
enabled = true
cast_to = Vector3( 0, 0, -20 )

[node name="RayCast6" type="RayCast" parent="Rays"]
transform = Transform( 0.999953, 0.000110283, 0.00972071, 0, 0.999936, -0.0113444, -0.00972133, 0.0113439, 0.999888, 0, 0, 0 )
enabled = true
cast_to = Vector3( 0, 0, -20 )
